000000
000029
000056
000080
000101
000125
000150
000177
000210
000240
000271
000298
000330
000368
000412
000439
000466
000505
000532
000562
000586
000608
000641
000666
000690
000715
000747
000777
000799
000830
000857
000886
000906
000936
000965
000996
001028
001049
001082
001117
001160
001186
001219
001262
001299
001322
001354
001378
001405
001430
001459
001483
001505
001539
001563
001601
001628
001653
001679
001708
001739
001767
001796
001826
001847
001882
001911
001947
001965
001998
002031
002065
002096
002126
002154
002184
002210
002236
002264
002289
002323
002354
002388
002410
002443
002468
002493
002523
002553
002588
002614
002643
002667
002697
002732
002768
002790
002821
002851
002872
002910
002933
002968
002996
003026
003064
003089
003119
003149
003176
003205
003238
003263
003287
003321
003345
003377
003400
003439
003460
003499
003523
003549
003577
003596
003628
003656
003686
003710
003734
003761
003789
003816
003840
003862
003893
003921
003944
003971
003994
004023
004052
004076
004114
004159
004186
004216
004244
004269
004310
004341
004372
004400
004436
004466
004498
004523
004552
004580
004605
004637
004670
004704
004751
004779
004805
004836
004866
004890
004922
004961
004982
005018
005044
005087
005111
005142
005178
005209
005238
005264
005293
005326
005357
005387
005407
005425
005457
005491
005512
005535
005564
005598
005622
005651
005679
005705
005733
005764
005781
005813
005837
005861
005886
005928
005953
005977
006007
006051
006082
006113
006142
006170
006192
006217
006239
006261
006292
006318
006347
006378
006408
006443
006471
006502
006541
006567
006600
006627
006657
006688
006717
006748
006790
006825
006851
006888
006919
006940
006970
006996
007036
007064
007102
007126
007153
007188
007216
007245
007281
007313
007341
007370
007404
007444
007479
